000000000724
000000001490
000000002261
000000004395
000000004765
000000005477
000000006471
000000010764
000000011615
000000015440
000000022396
000000025139
000000025386
000000025393
000000031269
000000033759
000000044652
000000050811
000000052507
000000053626
000000054164
000000060770
000000064462
000000065736
000000079408
000000080273
000000084170
000000085823
000000087144
000000088485
000000089078
000000089556
000000091619
000000092416
000000093154
000000095899
000000097679
000000102820
000000104424
000000116589
000000119911
000000122166
000000122969
000000123480
000000124975
000000125211
000000126592
000000134886
000000135673
000000144114
000000146498
000000148719
000000153568
000000155341
000000159311
000000161044
000000161128
000000162858
000000167540
000000172330
000000172977
000000176701
000000183500
000000185157
000000185409
000000189828
000000191471
000000196754
000000196759
000000198805
000000198915
000000199977
000000208901
000000214200
000000214205
000000215245
000000224724
000000225532
000000226111
000000227511
000000228771
000000228942
000000229747
000000236845
000000239843
000000250758
000000252332
000000263594
000000267946
000000276707
000000338325
000000338718
000000354829
000000383621
000000404128
000000404479
000000426297
000000449406
000000452122
000000454661
000000456865
000000469174
000000473974
000000479912
000000491613
000000501243
000000509656
000000517523
000000525322
000000543528
000000545407
000000552902
000000555050
000000562443
air1
air2
air3
air5
